frame_000002 0.0 0.0 0.0
frame_000003 -0.07736039218978648 0.019669750082923647 0.00033634923709322114
frame_000004 -0.15357346958501672 0.03942583395565889 0.000319543794672014
frame_000005 -0.23103840443012252 0.05851855663739612 0.0004919834667108374
frame_000006 -0.3085681371942176 0.07707865438293822 0.0006659504321491872
frame_000007 -0.3867633313359123 0.09785954058040937 0.0013036586507472166
frame_000008 -0.4659992361539489 0.11743999079616868 0.0014925595657546678
frame_000009 -0.5466774638392613 0.13678748739901744 0.0018466306222484964
frame_000010 -0.6284585139457259 0.15678998840903896 0.0019064158333861462
frame_000011 -0.7107738853301818 0.1766100597961671 0.0020390887255123994
frame_000012 -0.7944261194426449 0.19383012689902832 0.0024840812756948497
frame_000013 -0.8800251353433102 0.21257922931260803 0.0024195832557992072
frame_000014 -0.9658875335409762 0.23134472945229584 0.0012466808079721098
frame_000015 -1.052454496528243 0.25154873733130584 0.002146863170046203
frame_000016 -1.1374820756399773 0.2684044962858929 0.0018510515030916025
frame_000017 -1.2260453111496037 0.28671198165453005 -0.0005095631398852681
frame_000018 -1.3125589425234605 0.30477428785067784 -0.0004024195862400732
frame_000019 -1.400170481867348 0.32184113631181277 -0.0003798062993384926
frame_000020 -1.4877054620178587 0.33851881218358365 -0.0010615710468730344
frame_000021 -1.5744884827567043 0.35455476904197303 -0.0013167491930914609
frame_000022 -1.6610906084853057 0.37051583473822125 -0.001634843065461176
frame_000023 -1.7464036406224352 0.3859689158541736 -0.0016647182444059759
frame_000024 -1.830529491370671 0.40191494986862925 -0.0017441030568391938
frame_000025 -1.914627657208791 0.4159849262950977 -0.0017568249284137375
frame_000026 -1.998842894635792 0.42835318269035594 -0.0015859037187182388
frame_000027 -2.082809538298707 0.4409260090335925 -0.0015705140136171266
frame_000028 -2.1669438085074115 0.45266820727940493 -0.0014360601816588157
frame_000029 -2.250825123055439 0.463253195161208 -0.0013781098016838666
frame_000030 -2.3343294805341297 0.47321901426458673 -0.0011066829053473363
frame_000031 -2.418103810784298 0.4819162581772507 -0.0009160549720728993
frame_000032 -2.5016489736989183 0.48914789151727706 -0.000838521916618318
frame_000033 -2.585137053561601 0.4950397097971083 -0.0006663958926697421
frame_000034 -2.669462416094867 0.5018682786690156 -0.0007228148668568196
frame_000035 -2.753745676956537 0.5076522447816434 -0.0006647491635963128
frame_000036 -2.837292808009423 0.5126391455515605 -0.0008741301843997697
frame_000037 -2.9207533385590225 0.5154432174435015 -0.0010290428278128267
frame_000038 -3.0042950574966403 0.517017644549171 -0.0008948434784545689
frame_000039 -3.0874715048037777 0.518129376224279 -0.000976900838051572
frame_000040 -3.170556136486317 0.5178941647157413 -0.001049697310047282
frame_000041 -3.2531042790070446 0.5163010886600606 -0.0010524917124441052
frame_000042 -3.3352577985507104 0.5137144844706284 -0.0010988465222142915
frame_000043 -3.417010555499003 0.5089681240071351 -0.001210536535622027
frame_000044 -3.4988482862190415 0.5040253355030564 -0.0011876513228422834
frame_000045 -3.5798034720052105 0.4980312973697658 -0.0011582401305294586
frame_000046 -3.6606072680178605 0.49097301839137564 -0.001037867125782969
frame_000047 -3.741276380633852 0.4828664030588394 -0.0008659235516962815
frame_000048 -3.8215564439440537 0.4737146180165978 -0.0007800370425025405
frame_000049 -3.901311593252714 0.4633150060836185 -0.0004996818102736651
frame_000050 -3.981290967493076 0.4515619268153655 -0.00040997034189013963
frame_000051 -4.060672482653499 0.43937232195598513 -0.00011279440341617876
frame_000052 -4.140071309505478 0.4264328172502543 0.00021946247430151838
frame_000053 -4.219244637772015 0.4124209607478332 0.0006790670967001023
frame_000054 -4.29824468436098 0.3976054589528115 0.0012516766749930117
frame_000055 -4.376662759562611 0.38156060942928216 0.0019322899645827871
frame_000056 -4.45594050908831 0.3625192604855561 0.0016963208273468326
frame_000057 -4.534778363842939 0.3441843020921854 0.0015537507368043387
frame_000058 -4.614335706965115 0.3238821954651594 0.0012953631572147446
frame_000059 -4.693939958361539 0.3032289442648738 0.0012150011712477632
frame_000060 -4.773658797953458 0.282033306854964 0.0007676937224714965
frame_000061 -4.852821265433824 0.2621015789426711 0.0007579771175820243
frame_000062 -4.93310628805687 0.24005466698139186 0.0006470559440210448
frame_000063 -5.012935418239274 0.2177458050311874 0.00035882301124842594
frame_000064 -5.093080757586129 0.19447593263934085 -0.00023192386882141968
frame_000065 -5.172576047342461 0.17172627185326378 -0.0004694541284271235
frame_000066 -5.251238460483569 0.14989060402320012 -0.0004838399484774419
frame_000067 -5.3300205150736435 0.1279732453333293 -0.0006446733565650729
frame_000068 -5.408581469732058 0.1057420596593603 -0.0006843556079915636
frame_000069 -5.484772448178848 0.08707309423380696 -0.0007613264243651422
frame_000070 -5.561567024842748 0.06464188119905476 -0.0007414749591078118
frame_000071 -5.6389528693241795 0.04200197855826841 -0.001159939674981987
frame_000072 -5.714770081497373 0.021520238426377226 -0.0011417535053604192
frame_000073 -5.789611239308529 0.001048617373859275 -0.0011053141701913736
frame_000074 -5.866088846797737 -0.020752073466374126 -0.0014692201186543978
frame_000075 -5.940149921120452 -0.04040848327116395 -0.001130898379872695
frame_000076 -6.0123352365615625 -0.058350877143558945 -0.0016501035127913619
frame_000077 -6.08464497876392 -0.07643093207069097 -0.0016823767494839553
frame_000078 -6.156261489332258 -0.0935166625954087 -0.002170416410659083
frame_000079 -6.228699452359292 -0.11182611569118853 -0.001868868876892775
frame_000080 -6.300169857051235 -0.12949030926075938 -0.0015240095178704247
frame_000081 -6.371572526293268 -0.14423423172572156 -0.001933450490992195
frame_000082 -6.443873808869451 -0.16132074726042236 -0.0013452287148414427
frame_000083 -6.5158421186988535 -0.1787581032433717 -0.000514868762526461
frame_000084 -6.588516680925732 -0.1934141008881365 3.213939835541423e-05
frame_000085 -6.661042871631355 -0.20867267907396572 0.0009143592334014949
frame_000086 -6.733502408101139 -0.22387630586879798 0.0020891192250138044
frame_000087 -6.808045001802247 -0.23821506672434914 0.0022284640773997206
frame_000088 -6.883323352936795 -0.2528326307296949 0.002576304413439881
frame_000089 -6.959239797820271 -0.2679435377053282 0.0027524266793401107
frame_000090 -7.035761020481603 -0.28111540169979576 0.00269163083973092
frame_000091 -7.111706764324408 -0.2942048060825138 0.00403543541093823
frame_000092 -7.190802588716255 -0.3092018876004487 0.004338676848042321
frame_000093 -7.26876544031847 -0.3232546461016598 0.004590789642222543
frame_000094 -7.34712301314695 -0.33639539270992913 0.004728589405576913
frame_000095 -7.427217742533525 -0.3500309609069334 0.004409858163789085
frame_000096 -7.506802161011916 -0.3629339058476652 0.0042778405373738474
frame_000097 -7.5875171085187745 -0.3762707667526635 0.0036061717499372326
frame_000098 -7.667370963212175 -0.39110670539535075 0.0038799104944988155
frame_000099 -7.746829092357941 -0.40460967383259644 0.0035489283551376955
frame_000100 -7.825663805388397 -0.41792656614071166 0.00334264747933235
frame_000101 -7.905162025291726 -0.4299765711417749 0.0027221644901659794
frame_000102 -7.98437331733646 -0.44119592904423105 0.0022763649695127816
frame_000103 -8.061727891900404 -0.45136221005091587 0.002268167822362942
frame_000104 -8.138656282379854 -0.45896215051495814 0.0020909151343181235
frame_000105 -8.216326378888825 -0.466733219324165 0.0020133518975638427
frame_000106 -8.293891568655974 -0.4733024258293627 0.0021607815140739315
frame_000107 -8.370391787409531 -0.47762109462631047 0.0025073193235294194
frame_000108 -8.447950875956787 -0.4812262171755924 0.002683655190891079
frame_000109 -8.523968081577666 -0.4824374972111199 0.0034147700877743517
frame_000110 -8.601706341347228 -0.48271503776343094 0.0035942597616518013
frame_000111 -8.681030639646266 -0.47993225862108513 0.0035486967756841554
frame_000112 -8.760105715556765 -0.47645146745316286 0.0034688409730885576
frame_000113 -8.83980844780651 -0.47162887886971705 0.00355118271148745
frame_000114 -8.91995614943153 -0.4643171096971666 0.003499465519641556
frame_000115 -9.000181718560825 -0.45675462581437704 0.00326969556695084
frame_000116 -9.081064735965686 -0.4477456378194923 0.0025737291585403808
frame_000117 -9.161974021825511 -0.43869372740745005 0.0019258461636254129
frame_000118 -9.243046528240074 -0.4296807857672738 0.0010981054550884813
frame_000119 -9.32396945791817 -0.41977318831778254 0.0004013546173716003
frame_000120 -9.405002587828376 -0.4092522358969958 -0.0005297109029177068
frame_000121 -9.48526775785963 -0.39822002885153207 -0.0013479198840160205
frame_000122 -9.56250796634767 -0.3897501125100718 -0.0014999286254064785
frame_000123 -9.637709117725661 -0.3820619250346651 -0.001700769279244132
frame_000124 -9.713652700390421 -0.37268463848800143 -0.0013519695875614309
frame_000125 -9.78973432349465 -0.3611928602005049 -0.001620826768342547
frame_000126 -9.861803360555674 -0.3528832237722517 -0.0027964339291503535
frame_000127 -9.9346646943723 -0.3409262858248551 -0.002001438566745306
frame_000128 -10.007262134645124 -0.3294557521035677 -0.00028679259502749615
frame_000129 -10.080662285268911 -0.3194786255745414 0.005458079095420418
frame_000130 -10.151620931393001 -0.3059980825943659 0.011952015688319984
frame_000131 -10.226845925052753 -0.2921344898939312 0.014307648403096132
frame_000132 -10.304962192711336 -0.27374964274639546 0.015009755626738624
frame_000133 -10.383668288752805 -0.2535085090215826 0.016050644370615725
frame_000134 -10.463816631413101 -0.23237931461919253 0.015619016423032001
frame_000135 -10.545859956507138 -0.2088105261326588 0.015253899882890325
frame_000136 -10.624668205907543 -0.1873009850562188 0.015065202530849094
frame_000137 -10.710087536054623 -0.1605537149917284 0.013818157124157675
frame_000138 -10.795943696758975 -0.1360757158731088 0.012251154180824678
frame_000139 -10.881359871897851 -0.10689218010876404 0.011420626727726946
frame_000140 -10.966250381132356 -0.08236670572662005 0.011153337777581568
frame_000141 -11.051113659757382 -0.05465920461803995 0.010505514882782663
frame_000142 -11.136037541424574 -0.027884865887136227 0.00964918928814341
frame_000143 -11.218683347396375 -0.00454952644728546 0.00988239187664077
frame_000144 -11.300236992892811 0.021996558721204644 0.011054325928296013
frame_000145 -11.38252865554708 0.04640719282629069 0.011584165951153854
frame_000146 -11.464550572111154 0.07030351582285335 0.012082597347625703
frame_000147 -11.547306563244264 0.09437978529292107 0.0127232134961428
frame_000148 -11.628916906684914 0.11665913119411636 0.01264424871958265
frame_000149 -11.710616665576243 0.14130202050208257 0.013968052502630288
frame_000150 -11.792175651412272 0.16683233627021882 0.016445321544246484
frame_000151 -11.874756033417345 0.19065923378523 0.01658290365434141
frame_000152 -11.954798254661673 0.20694137109926153 0.01503649522824877
frame_000153 -12.035606691826214 0.22754154384240802 0.014483961066464457
frame_000154 -12.11273729776692 0.24223151085478192 0.013168010847740623
frame_000155 -12.19308581064309 0.2600188167805526 0.011890108475139343
frame_000156 -12.273337857265323 0.27633734130328186 0.009941225311467895
frame_000157 -12.353876032815142 0.29373717228018514 0.00888127306164721
frame_000158 -12.43528089222849 0.313496675162275 0.008697436398429074
frame_000159 -12.516432380159207 0.33086206291034104 0.007875346753236286
frame_000160 -12.595090078512321 0.34635692169577853 0.007775157923203581
frame_000161 -12.675099294338352 0.36016547644755553 0.007537658470556854
frame_000162 -12.756101140959206 0.3769696767680987 0.007082219551913803
frame_000163 -12.836119557720398 0.39075479383125317 0.006661072437381858
frame_000164 -12.916662706445502 0.4068751064890741 0.006789093196386996
frame_000165 -12.999039977499548 0.4210224499572746 0.00568014060647235
frame_000166 -13.0807222420474 0.4344033889206418 0.005828653865215602
frame_000167 -13.162849012387277 0.4469411599200754 0.005415133831899978
frame_000168 -13.244521352383652 0.4566312658729523 0.005104426800707397
frame_000169 -13.325539038661365 0.46727765939869365 0.006049660520843526
frame_000170 -13.407818155896708 0.48173841194092687 0.00538710094881926
frame_000171 -13.490023789524896 0.4924395628699927 0.005609908855124369
frame_000172 -13.572033794953155 0.5002146275054973 0.005286882978733754
frame_000173 -13.654731863894826 0.5090068677630784 0.0054809749699616305
frame_000174 -13.737280056993617 0.5145810020214845 0.005342141463023583
frame_000175 -13.81930091082981 0.5190268554288422 0.005332994488012314
frame_000176 -13.9022327901388 0.5231645893184493 0.0052614298316155435
frame_000177 -13.985343799104067 0.5257798957608549 0.005054903895563049
frame_000178 -14.068070950384651 0.5276924365969893 0.0048046521421164275
frame_000179 -14.150756613347719 0.5288571790675574 0.004507553745609183
frame_000180 -14.233383135312936 0.5296674616741432 0.004236145918515314
frame_000181 -14.315381003127953 0.5297730453613128 0.004301416990225247
frame_000182 -14.396966127923482 0.5292224422506804 0.00428328473911333
frame_000183 -14.478445516520338 0.5283306463807519 0.004327228356420738
frame_000184 -14.559098422325873 0.5258968851402193 0.0040632023688423665
frame_000185 -14.639418883218557 0.5225084591617134 0.004049905929565945
frame_000186 -14.719147350564935 0.5181414472262262 0.003972098157943329
frame_000187 -14.798725926338015 0.512432933125988 0.004010217562658024
